100.000000 1.041664 1.039387e-04 0 0 50.000000 200.000000 4
100.000000 1.041736 1.039515e-04 0 1 50.000000 200.000000 4
100.000000 1.041358 1.039387e-04 1 0 50.000000 200.000000 4
100.000000 1.041430 1.039516e-04 1 1 50.000000 200.000000 4
5000.000000 1.052993 1.050671e-04 0 0 50.000000 200.000000 4
5000.000000 1.056681 1.057444e-04 0 1 50.000000 200.000000 4
5000.000000 1.037714 1.033501e-04 1 0 50.000000 200.000000 4
5000.000000 1.041307 1.039899e-04 1 1 50.000000 200.000000 4
10000.000000 1.064701 1.062806e-04 0 0 50.000000 200.000000 4
10000.000000 1.072319 1.077092e-04 0 1 50.000000 200.000000 4
10000.000000 1.034046 1.020477e-04 1 0 50.000000 200.000000 4
10000.000000 1.041280 1.033484e-04 1 1 50.000000 200.000000 4
100.000000 0.896323 8.961863e-05 0 0 50.000000 200.000000 5
100.000000 0.896380 8.962920e-05 0 1 50.000000 200.000000 5
100.000000 0.896096 8.958538e-05 1 0 50.000000 200.000000 5
100.000000 0.896153 8.959595e-05 1 1 50.000000 200.000000 5
5000.000000 0.904964 9.041326e-05 0 0 50.000000 200.000000 5
5000.000000 0.907874 9.096996e-05 0 1 50.000000 200.000000 5
5000.000000 0.893696 8.975326e-05 1 0 50.000000 200.000000 5
5000.000000 0.896540 9.028498e-05 1 1 50.000000 200.000000 5
10000.000000 0.913947 9.133925e-05 0 0 50.000000 200.000000 5
10000.000000 0.919950 9.250516e-05 0 1 50.000000 200.000000 5
10000.000000 0.891394 8.922704e-05 1 0 50.000000 200.000000 5
10000.000000 0.897128 9.030670e-05 1 1 50.000000 200.000000 5
100.000000 0.784980 7.838729e-05 0 0 50.000000 200.000000 6
100.000000 0.785026 7.839591e-05 0 1 50.000000 200.000000 6
100.000000 0.784796 7.838884e-05 1 0 50.000000 200.000000 6
100.000000 0.784842 7.839745e-05 1 1 50.000000 200.000000 6
5000.000000 0.792345 7.917456e-05 0 0 50.000000 200.000000 6
5000.000000 0.794693 7.962786e-05 0 1 50.000000 200.000000 6
5000.000000 0.783305 7.945941e-05 1 0 50.000000 200.000000 6
5000.000000 0.785603 7.990219e-05 1 1 50.000000 200.000000 6
10000.000000 0.799804 7.982781e-05 0 0 50.000000 200.000000 6
10000.000000 0.804644 8.080030e-05 0 1 50.000000 200.000000 6
10000.000000 0.781668 7.668416e-05 1 0 50.000000 200.000000 6
10000.000000 0.786303 7.757797e-05 1 1 50.000000 200.000000 6
100.000000 0.689990 6.897204e-05 0 0 50.000000 200.000000 7
100.000000 0.690028 6.897901e-05 0 1 50.000000 200.000000 7
100.000000 0.689831 6.900600e-05 1 0 50.000000 200.000000 7
100.000000 0.689869 6.901297e-05 1 1 50.000000 200.000000 7
5000.000000 0.696754 6.960658e-05 0 0 50.000000 200.000000 7
5000.000000 0.698651 6.997926e-05 0 1 50.000000 200.000000 7
5000.000000 0.688916 6.894706e-05 1 0 50.000000 200.000000 7
5000.000000 0.690773 6.930947e-05 1 1 50.000000 200.000000 7
10000.000000 0.703625 7.033958e-05 0 0 50.000000 200.000000 7
10000.000000 0.707542 7.112045e-05 0 1 50.000000 200.000000 7
10000.000000 0.687925 6.992540e-05 1 0 50.000000 200.000000 7
10000.000000 0.691676 7.067078e-05 1 1 50.000000 200.000000 7
100.000000 0.604599 6.044165e-05 0 0 50.000000 200.000000 8
100.000000 0.604629 6.044726e-05 0 1 50.000000 200.000000 8
100.000000 0.604455 6.049607e-05 1 0 50.000000 200.000000 8
100.000000 0.604485 6.050169e-05 1 1 50.000000 200.000000 8
5000.000000 0.611200 6.108293e-05 0 0 50.000000 200.000000 8
5000.000000 0.612723 6.138304e-05 0 1 50.000000 200.000000 8
5000.000000 0.604054 6.117093e-05 1 0 50.000000 200.000000 8
5000.000000 0.605542 6.146496e-05 1 1 50.000000 200.000000 8
10000.000000 0.617847 6.173504e-05 0 0 50.000000 200.000000 8
10000.000000 0.620996 6.237048e-05 0 1 50.000000 200.000000 8
10000.000000 0.603588 6.212848e-05 1 0 50.000000 200.000000 8
10000.000000 0.606597 6.274491e-05 1 1 50.000000 200.000000 8
100.000000 1.039194 1.038788e-04 0 0 50.000000 400.000000 4
100.000000 1.039354 1.039061e-04 0 1 50.000000 400.000000 4
100.000000 1.038916 1.041270e-04 1 0 50.000000 400.000000 4
100.000000 1.039076 1.041544e-04 1 1 50.000000 400.000000 4
5000.000000 1.043595 1.042754e-04 0 0 50.000000 400.000000 4
5000.000000 1.051743 1.056551e-04 0 1 50.000000 400.000000 4
5000.000000 1.029960 1.039754e-04 1 0 50.000000 400.000000 4
5000.000000 1.037928 1.052549e-04 1 1 50.000000 400.000000 4
10000.000000 1.047916 1.047426e-04 0 0 50.000000 400.000000 4
10000.000000 1.064708 1.078384e-04 0 1 50.000000 400.000000 4
10000.000000 1.020836 9.865672e-05 1 0 50.000000 400.000000 4
10000.000000 1.036897 1.013476e-04 1 1 50.000000 400.000000 4
100.000000 0.953643 9.522731e-05 0 0 50.000000 400.000000 5
100.000000 0.953784 9.525294e-05 0 1 50.000000 400.000000 5
100.000000 0.953429 9.558221e-05 1 0 50.000000 400.000000 5
100.000000 0.953570 9.560800e-05 1 1 50.000000 400.000000 5
5000.000000 0.956830 9.552432e-05 0 0 50.000000 400.000000 5
5000.000000 0.963995 9.677448e-05 0 1 50.000000 400.000000 5
5000.000000 0.946289 9.415777e-05 1 0 50.000000 400.000000 5
5000.000000 0.953315 9.532876e-05 1 1 50.000000 400.000000 5
10000.000000 0.959967 9.587651e-05 0 0 50.000000 400.000000 5
10000.000000 0.974716 9.866840e-05 0 1 50.000000 400.000000 5
10000.000000 0.938980 9.102300e-05 1 0 50.000000 400.000000 5
10000.000000 0.953164 9.349939e-05 1 1 50.000000 400.000000 5
100.000000 0.882551 8.813122e-05 0 0 50.000000 400.000000 6
100.000000 0.882676 8.815542e-05 0 1 50.000000 400.000000 6
100.000000 0.882372 8.831019e-05 1 0 50.000000 400.000000 6
100.000000 0.882497 8.833444e-05 1 1 50.000000 400.000000 6
5000.000000 0.885378 8.828623e-05 0 0 50.000000 400.000000 6
5000.000000 0.891741 8.937916e-05 0 1 50.000000 400.000000 6
5000.000000 0.876567 8.842119e-05 1 0 50.000000 400.000000 6
5000.000000 0.882816 8.948345e-05 1 1 50.000000 400.000000 6
10000.000000 0.888020 8.878610e-05 0 0 50.000000 400.000000 6
10000.000000 0.901114 9.136379e-05 0 1 50.000000 400.000000 6
10000.000000 0.870449 8.639491e-05 1 0 50.000000 400.000000 6
10000.000000 0.883077 8.874143e-05 1 1 50.000000 400.000000 6
100.000000 0.817443 8.152979e-05 0 0 50.000000 400.000000 7
100.000000 0.817554 8.155077e-05 0 1 50.000000 400.000000 7
100.000000 0.817282 8.149851e-05 1 0 50.000000 400.000000 7
100.000000 0.817393 8.151948e-05 1 1 50.000000 400.000000 7
5000.000000 0.820457 8.201962e-05 0 0 50.000000 400.000000 7
5000.000000 0.826105 8.305615e-05 0 1 50.000000 400.000000 7
5000.000000 0.812587 8.174960e-05 1 0 50.000000 400.000000 7
5000.000000 0.818135 8.277676e-05 1 1 50.000000 400.000000 7
10000.000000 0.823273 8.226780e-05 0 0 50.000000 400.000000 7
10000.000000 0.834904 8.470252e-05 0 1 50.000000 400.000000 7
10000.000000 0.807643 8.067665e-05 1 0 50.000000 400.000000 7
10000.000000 0.818870 8.294384e-05 1 1 50.000000 400.000000 7
100.000000 0.755325 7.547894e-05 0 0 50.000000 400.000000 8
100.000000 0.755423 7.549747e-05 0 1 50.000000 400.000000 8
100.000000 0.755175 7.548774e-05 1 0 50.000000 400.000000 8
100.000000 0.755273 7.550626e-05 1 1 50.000000 400.000000 8
5000.000000 0.758863 7.588148e-05 0 0 50.000000 400.000000 8
5000.000000 0.763850 7.682141e-05 0 1 50.000000 400.000000 8
5000.000000 0.751491 7.589772e-05 1 0 50.000000 400.000000 8
5000.000000 0.756388 7.682172e-05 1 1 50.000000 400.000000 8
10000.000000 0.762295 7.615978e-05 0 0 50.000000 400.000000 8
10000.000000 0.772588 7.816458e-05 0 1 50.000000 400.000000 8
10000.000000 0.747713 7.522028e-05 1 0 50.000000 400.000000 8
10000.000000 0.757641 7.711100e-05 1 1 50.000000 400.000000 8
100.000000 1.001991 9.991784e-05 0 0 50.000000 600.000000 4
100.000000 1.002231 9.995893e-05 0 1 50.000000 600.000000 4
100.000000 1.001754 9.983027e-05 1 0 50.000000 600.000000 4
100.000000 1.001995 9.987120e-05 1 1 50.000000 600.000000 4
5000.000000 1.000073 9.977353e-05 0 0 50.000000 600.000000 4
5000.000000 1.012275 1.017192e-04 0 1 50.000000 600.000000 4
5000.000000 0.988659 9.977366e-05 1 0 50.000000 600.000000 4
5000.000000 1.000631 1.016430e-04 1 1 50.000000 600.000000 4
10000.000000 0.997900 9.950255e-05 0 0 50.000000 600.000000 4
10000.000000 1.022948 1.033594e-04 0 1 50.000000 600.000000 4
10000.000000 0.975427 9.352874e-05 1 0 50.000000 600.000000 4
10000.000000 0.999548 9.684468e-05 1 1 50.000000 600.000000 4
100.000000 0.947395 9.472254e-05 0 0 50.000000 600.000000 5
100.000000 0.947617 9.475915e-05 0 1 50.000000 600.000000 5
100.000000 0.947209 9.474290e-05 1 0 50.000000 600.000000 5
100.000000 0.947431 9.477950e-05 1 1 50.000000 600.000000 5
5000.000000 0.944532 9.407445e-05 0 0 50.000000 600.000000 5
5000.000000 0.955768 9.602516e-05 0 1 50.000000 600.000000 5
5000.000000 0.935657 9.191163e-05 1 0 50.000000 600.000000 5
5000.000000 0.946712 9.376044e-05 1 1 50.000000 600.000000 5
10000.000000 0.941601 9.414294e-05 0 0 50.000000 600.000000 5
10000.000000 0.964647 9.767966e-05 0 1 50.000000 600.000000 5
10000.000000 0.924082 9.107775e-05 1 0 50.000000 600.000000 5
10000.000000 0.946394 9.429691e-05 1 1 50.000000 600.000000 5
100.000000 0.900598 9.003295e-05 0 0 50.000000 600.000000 6
100.000000 0.900803 9.007085e-05 0 1 50.000000 600.000000 6
100.000000 0.900446 8.996454e-05 1 0 50.000000 600.000000 6
100.000000 0.900651 9.000245e-05 1 1 50.000000 600.000000 6
5000.000000 0.897847 8.969797e-05 0 0 50.000000 600.000000 6
5000.000000 0.908267 9.139551e-05 0 1 50.000000 600.000000 6
5000.000000 0.890404 8.909647e-05 1 0 50.000000 600.000000 6
5000.000000 0.900670 9.078814e-05 1 1 50.000000 600.000000 6
10000.000000 0.894760 8.925689e-05 0 0 50.000000 600.000000 6
10000.000000 0.916117 9.281291e-05 0 1 50.000000 600.000000 6
10000.000000 0.880111 8.915126e-05 1 0 50.000000 600.000000 6
10000.000000 0.900851 9.240444e-05 1 1 50.000000 600.000000 6
100.000000 0.856289 8.547585e-05 0 0 50.000000 600.000000 7
100.000000 0.856480 8.551081e-05 0 1 50.000000 600.000000 7
100.000000 0.856150 8.525891e-05 1 0 50.000000 600.000000 7
100.000000 0.856341 8.529385e-05 1 1 50.000000 600.000000 7
5000.000000 0.854013 8.523851e-05 0 0 50.000000 600.000000 7
5000.000000 0.863667 8.678296e-05 0 1 50.000000 600.000000 7
5000.000000 0.847339 8.441259e-05 1 0 50.000000 600.000000 7
5000.000000 0.856857 8.596032e-05 1 1 50.000000 600.000000 7
10000.000000 0.851419 8.488103e-05 0 0 50.000000 600.000000 7
10000.000000 0.871224 8.838634e-05 0 1 50.000000 600.000000 7
10000.000000 0.838324 8.656358e-05 1 0 50.000000 600.000000 7
10000.000000 0.857580 8.992860e-05 1 1 50.000000 600.000000 7
100.000000 0.812226 8.114539e-05 0 0 50.000000 600.000000 8
100.000000 0.812402 8.117789e-05 0 1 50.000000 600.000000 8
100.000000 0.812093 8.116389e-05 1 0 50.000000 600.000000 8
100.000000 0.812269 8.119647e-05 1 1 50.000000 600.000000 8
5000.000000 0.810893 8.106452e-05 0 0 50.000000 600.000000 8
5000.000000 0.819801 8.257777e-05 0 1 50.000000 600.000000 8
5000.000000 0.804593 8.152165e-05 1 0 50.000000 600.000000 8
5000.000000 0.813374 8.302237e-05 1 1 50.000000 600.000000 8
10000.000000 0.809102 8.077869e-05 0 0 50.000000 600.000000 8
10000.000000 0.827403 8.422290e-05 0 1 50.000000 600.000000 8
10000.000000 0.796704 8.295826e-05 1 0 50.000000 600.000000 8
10000.000000 0.814492 8.623678e-05 1 1 50.000000 600.000000 8
100.000000 0.978252 9.773858e-05 0 0 50.000000 800.000000 4
100.000000 0.978567 9.779193e-05 0 1 50.000000 800.000000 4
100.000000 0.978051 9.778558e-05 1 0 50.000000 800.000000 4
100.000000 0.978366 9.783892e-05 1 1 50.000000 800.000000 4
5000.000000 0.971169 9.706261e-05 0 0 50.000000 800.000000 4
5000.000000 0.987143 9.997182e-05 0 1 50.000000 800.000000 4
5000.000000 0.961379 9.965098e-05 1 0 50.000000 800.000000 4
5000.000000 0.977090 1.024761e-04 1 1 50.000000 800.000000 4
10000.000000 0.963646 9.629468e-05 0 0 50.000000 800.000000 4
10000.000000 0.996337 1.015099e-04 0 1 50.000000 800.000000 4
10000.000000 0.944570 9.204119e-05 1 0 50.000000 800.000000 4
10000.000000 0.976204 9.685861e-05 1 1 50.000000 800.000000 4
100.000000 0.940060 9.358858e-05 0 0 50.000000 800.000000 5
100.000000 0.940358 9.363645e-05 0 1 50.000000 800.000000 5
100.000000 0.939902 9.346274e-05 1 0 50.000000 800.000000 5
100.000000 0.940199 9.351065e-05 1 1 50.000000 800.000000 5
5000.000000 0.932319 9.281571e-05 0 0 50.000000 800.000000 5
5000.000000 0.947388 9.539298e-05 0 1 50.000000 800.000000 5
5000.000000 0.924665 9.184176e-05 1 0 50.000000 800.000000 5
5000.000000 0.939523 9.439256e-05 1 1 50.000000 800.000000 5
10000.000000 0.924191 9.201110e-05 0 0 50.000000 800.000000 5
10000.000000 0.954996 9.704636e-05 0 1 50.000000 800.000000 5
10000.000000 0.909259 9.069486e-05 1 0 50.000000 800.000000 5
10000.000000 0.939216 9.533835e-05 1 1 50.000000 800.000000 5
100.000000 0.907212 9.040899e-05 0 0 50.000000 800.000000 6
100.000000 0.907495 9.045743e-05 0 1 50.000000 800.000000 6
100.000000 0.907082 9.027963e-05 1 0 50.000000 800.000000 6
100.000000 0.907364 9.032808e-05 1 1 50.000000 800.000000 6
5000.000000 0.899538 8.969196e-05 0 0 50.000000 800.000000 6
5000.000000 0.913831 9.225035e-05 0 1 50.000000 800.000000 6
5000.000000 0.893165 8.757220e-05 1 0 50.000000 800.000000 6
5000.000000 0.907279 9.004579e-05 1 1 50.000000 800.000000 6
10000.000000 0.891420 8.875621e-05 0 0 50.000000 800.000000 6
10000.000000 0.920626 9.358261e-05 0 1 50.000000 800.000000 6
10000.000000 0.878924 8.935398e-05 1 0 50.000000 800.000000 6
10000.000000 0.907407 9.394973e-05 1 1 50.000000 800.000000 6
100.000000 0.875431 8.741926e-05 0 0 50.000000 800.000000 7
100.000000 0.875699 8.746639e-05 0 1 50.000000 800.000000 7
100.000000 0.875312 8.714696e-05 1 0 50.000000 800.000000 7
100.000000 0.875580 8.719403e-05 1 1 50.000000 800.000000 7
5000.000000 0.868271 8.648801e-05 0 0 50.000000 800.000000 7
5000.000000 0.881821 8.877845e-05 0 1 50.000000 800.000000 7
5000.000000 0.862572 8.600925e-05 1 0 50.000000 800.000000 7
5000.000000 0.875961 8.828565e-05 1 1 50.000000 800.000000 7
10000.000000 0.860536 8.589100e-05 0 0 50.000000 800.000000 7
10000.000000 0.888231 9.049307e-05 0 1 50.000000 800.000000 7
10000.000000 0.849406 8.747221e-05 1 0 50.000000 800.000000 7
10000.000000 0.876453 9.196327e-05 1 1 50.000000 800.000000 7
100.000000 0.842654 8.407647e-05 0 0 50.000000 800.000000 8
100.000000 0.842906 8.412203e-05 0 1 50.000000 800.000000 8
100.000000 0.842539 8.406303e-05 1 0 50.000000 800.000000 8
100.000000 0.842792 8.410868e-05 1 1 50.000000 800.000000 8
5000.000000 0.836562 8.348452e-05 0 0 50.000000 800.000000 8
5000.000000 0.849357 8.571109e-05 0 1 50.000000 800.000000 8
5000.000000 0.831139 8.530591e-05 1 0 50.000000 800.000000 8
5000.000000 0.843782 8.755759e-05 1 1 50.000000 800.000000 8
10000.000000 0.829687 8.286411e-05 0 0 50.000000 800.000000 8
10000.000000 0.855875 8.729733e-05 0 1 50.000000 800.000000 8
10000.000000 0.819090 8.638155e-05 1 0 50.000000 800.000000 8
10000.000000 0.844665 9.061874e-05 1 1 50.000000 800.000000 8
100.000000 0.965053 9.588477e-05 0 0 50.000000 1000.000000 4
100.000000 0.965440 9.595310e-05 0 1 50.000000 1000.000000 4
100.000000 0.964873 9.628895e-05 1 0 50.000000 1000.000000 4
100.000000 0.965260 9.635768e-05 1 1 50.000000 1000.000000 4
5000.000000 0.953519 9.505254e-05 0 0 50.000000 1000.000000 4
5000.000000 0.973079 9.865448e-05 0 1 50.000000 1000.000000 4
5000.000000 0.944926 9.801959e-05 1 0 50.000000 1000.000000 4
5000.000000 0.964197 1.015280e-04 1 1 50.000000 1000.000000 4
10000.000000 0.941342 9.393375e-05 0 0 50.000000 1000.000000 4
10000.000000 0.981312 1.004677e-04 0 1 50.000000 1000.000000 4
10000.000000 0.924703 9.079461e-05 1 0 50.000000 1000.000000 4
10000.000000 0.963516 9.671465e-05 1 1 50.000000 1000.000000 4
100.000000 0.936221 9.328469e-05 0 0 50.000000 1000.000000 5
100.000000 0.936592 9.335166e-05 0 1 50.000000 1000.000000 5
100.000000 0.936082 9.339136e-05 1 0 50.000000 1000.000000 5
100.000000 0.936453 9.345869e-05 1 1 50.000000 1000.000000 5
5000.000000 0.924290 9.230278e-05 0 0 50.000000 1000.000000 5
5000.000000 0.943002 9.558301e-05 0 1 50.000000 1000.000000 5
5000.000000 0.917536 9.483750e-05 1 0 50.000000 1000.000000 5
5000.000000 0.936014 9.807137e-05 1 1 50.000000 1000.000000 5
10000.000000 0.911642 9.092892e-05 0 0 50.000000 1000.000000 5
10000.000000 0.949830 9.748896e-05 0 1 50.000000 1000.000000 5
10000.000000 0.898521 8.884937e-05 1 0 50.000000 1000.000000 5
10000.000000 0.935768 9.494497e-05 1 1 50.000000 1000.000000 5
100.000000 0.911643 9.113993e-05 0 0 50.000000 1000.000000 6
100.000000 0.911999 9.120297e-05 0 1 50.000000 1000.000000 6
100.000000 0.911527 9.138386e-05 1 0 50.000000 1000.000000 6
100.000000 0.911883 9.144725e-05 1 1 50.000000 1000.000000 6
5000.000000 0.899624 8.975332e-05 0 0 50.000000 1000.000000 6
5000.000000 0.917606 9.290808e-05 0 1 50.000000 1000.000000 6
5000.000000 0.893988 9.183873e-05 1 0 50.000000 1000.000000 6
5000.000000 0.911770 9.506155e-05 1 1 50.000000 1000.000000 6
10000.000000 0.887022 8.832502e-05 0 0 50.000000 1000.000000 6
10000.000000 0.923703 9.523049e-05 0 1 50.000000 1000.000000 6
10000.000000 0.876064 8.946242e-05 1 0 50.000000 1000.000000 6
10000.000000 0.911939 9.612924e-05 1 1 50.000000 1000.000000 6
100.000000 0.887404 8.859563e-05 0 0 50.000000 1000.000000 7
100.000000 0.887747 8.865702e-05 0 1 50.000000 1000.000000 7
100.000000 0.887296 8.858424e-05 1 0 50.000000 1000.000000 7
100.000000 0.887639 8.864575e-05 1 1 50.000000 1000.000000 7
5000.000000 0.875926 8.754860e-05 0 0 50.000000 1000.000000 7
5000.000000 0.893198 9.018578e-05 0 1 50.000000 1000.000000 7
5000.000000 0.870877 8.781804e-05 1 0 50.000000 1000.000000 7
5000.000000 0.887968 9.052262e-05 1 1 50.000000 1000.000000 7
10000.000000 0.863649 8.619005e-05 0 0 50.000000 1000.000000 7
10000.000000 0.898880 9.255761e-05 0 1 50.000000 1000.000000 7
10000.000000 0.853885 8.707656e-05 1 0 50.000000 1000.000000 7
10000.000000 0.888390 9.309062e-05 1 1 50.000000 1000.000000 7
100.000000 0.861806 8.597262e-05 0 0 50.000000 1000.000000 8
100.000000 0.862133 8.603398e-05 0 1 50.000000 1000.000000 8
100.000000 0.861702 8.590143e-05 1 0 50.000000 1000.000000 8
100.000000 0.862029 8.596273e-05 1 1 50.000000 1000.000000 8
5000.000000 0.851213 8.488113e-05 0 0 50.000000 1000.000000 8
5000.000000 0.867743 8.770956e-05 0 1 50.000000 1000.000000 8
5000.000000 0.846359 8.656537e-05 1 0 50.000000 1000.000000 8
5000.000000 0.862715 8.939686e-05 1 1 50.000000 1000.000000 8
10000.000000 0.839806 8.377592e-05 0 0 50.000000 1000.000000 8
10000.000000 0.873554 8.943942e-05 0 1 50.000000 1000.000000 8
10000.000000 0.830472 8.684078e-05 1 0 50.000000 1000.000000 8
10000.000000 0.863525 9.224595e-05 1 1 50.000000 1000.000000 8
100.000000 0.957494 9.531587e-05 0 0 50.000000 1200.000000 4
100.000000 0.957950 9.539994e-05 0 1 50.000000 1200.000000 4
100.000000 0.957332 9.534125e-05 1 0 50.000000 1200.000000 4
100.000000 0.957788 9.542505e-05 1 1 50.000000 1200.000000 4
5000.000000 0.941993 9.409402e-05 0 0 50.000000 1200.000000 4
5000.000000 0.965019 9.814972e-05 0 1 50.000000 1200.000000 4
5000.000000 0.934316 9.593192e-05 1 0 50.000000 1200.000000 4
5000.000000 0.957033 9.990279e-05 1 1 50.000000 1200.000000 4
10000.000000 0.925251 9.221042e-05 0 0 50.000000 1200.000000 4
10000.000000 0.972214 9.975268e-05 0 1 50.000000 1200.000000 4
10000.000000 0.910485 9.201601e-05 1 0 50.000000 1200.000000 4
10000.000000 0.956213 9.920007e-05 1 1 50.000000 1200.000000 4
100.000000 0.934477 9.341578e-05 0 0 50.000000 1200.000000 5
100.000000 0.934918 9.348928e-05 0 1 50.000000 1200.000000 5
100.000000 0.934357 9.367613e-05 1 0 50.000000 1200.000000 5
100.000000 0.934798 9.374995e-05 1 1 50.000000 1200.000000 5
5000.000000 0.918760 9.138625e-05 0 0 50.000000 1200.000000 5
5000.000000 0.940983 9.554337e-05 0 1 50.000000 1200.000000 5
5000.000000 0.912693 9.145331e-05 1 0 50.000000 1200.000000 5
5000.000000 0.934663 9.550764e-05 1 1 50.000000 1200.000000 5
10000.000000 0.901772 8.997773e-05 0 0 50.000000 1200.000000 5
10000.000000 0.947038 9.798988e-05 0 1 50.000000 1200.000000 5
10000.000000 0.890019 8.997700e-05 1 0 50.000000 1200.000000 5
10000.000000 0.934266 9.780850e-05 1 1 50.000000 1200.000000 5
100.000000 0.915058 9.115117e-05 0 0 50.000000 1200.000000 6
100.000000 0.915485 9.122339e-05 0 1 50.000000 1200.000000 6
100.000000 0.914953 9.119463e-05 1 0 50.000000 1200.000000 6
100.000000 0.915380 9.126690e-05 1 1 50.000000 1200.000000 6
5000.000000 0.899174 8.977170e-05 0 0 50.000000 1200.000000 6
5000.000000 0.920700 9.368913e-05 0 1 50.000000 1200.000000 6
5000.000000 0.894086 9.173894e-05 1 0 50.000000 1200.000000 6
5000.000000 0.915394 9.577763e-05 1 1 50.000000 1200.000000 6
10000.000000 0.882385 8.809137e-05 0 0 50.000000 1200.000000 6
10000.000000 0.926230 9.544091e-05 0 1 50.000000 1200.000000 6
10000.000000 0.872500 9.095382e-05 1 0 50.000000 1200.000000 6
10000.000000 0.915464 9.833013e-05 1 1 50.000000 1200.000000 6
100.000000 0.895631 8.915373e-05 0 0 50.000000 1200.000000 7
100.000000 0.896045 8.923082e-05 0 1 50.000000 1200.000000 7
100.000000 0.895534 8.916777e-05 1 0 50.000000 1200.000000 7
100.000000 0.895948 8.924474e-05 1 1 50.000000 1200.000000 7
5000.000000 0.880261 8.761725e-05 0 0 50.000000 1200.000000 7
5000.000000 0.901106 9.113542e-05 0 1 50.000000 1200.000000 7
5000.000000 0.875674 8.754650e-05 1 0 50.000000 1200.000000 7
5000.000000 0.896320 9.107731e-05 1 1 50.000000 1200.000000 7
10000.000000 0.863801 8.594979e-05 0 0 50.000000 1200.000000 7
10000.000000 0.906249 9.356190e-05 0 1 50.000000 1200.000000 7
10000.000000 0.854990 8.854824e-05 1 0 50.000000 1200.000000 7
10000.000000 0.896640 9.602273e-05 1 1 50.000000 1200.000000 7
100.000000 0.874687 8.724818e-05 0 0 50.000000 1200.000000 8
100.000000 0.875086 8.732234e-05 0 1 50.000000 1200.000000 8
100.000000 0.874594 8.720051e-05 1 0 50.000000 1200.000000 8
100.000000 0.874992 8.727444e-05 1 1 50.000000 1200.000000 8
5000.000000 0.860027 8.571579e-05 0 0 50.000000 1200.000000 8
5000.000000 0.880143 8.915879e-05 0 1 50.000000 1200.000000 8
5000.000000 0.855600 8.670078e-05 1 0 50.000000 1200.000000 8
5000.000000 0.875522 9.028604e-05 1 1 50.000000 1200.000000 8
10000.000000 0.844501 8.413985e-05 0 0 50.000000 1200.000000 8
10000.000000 0.885494 9.117374e-05 0 1 50.000000 1200.000000 8
10000.000000 0.836043 8.863807e-05 1 0 50.000000 1200.000000 8
10000.000000 0.876267 9.536141e-05 1 1 50.000000 1200.000000 8
100.000000 1.141656 1.141307e-04 0 0 75.000000 200.000000 4
100.000000 1.141742 1.141461e-04 0 1 75.000000 200.000000 4
100.000000 1.141286 1.140965e-04 1 0 75.000000 200.000000 4
100.000000 1.141372 1.141119e-04 1 1 75.000000 200.000000 4
5000.000000 1.155549 1.155480e-04 0 0 75.000000 200.000000 4
5000.000000 1.159958 1.164085e-04 0 1 75.000000 200.000000 4
5000.000000 1.136969 1.130552e-04 1 0 75.000000 200.000000 4
5000.000000 1.141252 1.138645e-04 1 1 75.000000 200.000000 4
10000.000000 1.169714 1.169692e-04 0 0 75.000000 200.000000 4
10000.000000 1.178844 1.186924e-04 0 1 75.000000 200.000000 4
10000.000000 1.132487 1.144110e-04 1 0 75.000000 200.000000 4
10000.000000 1.141104 1.160065e-04 1 1 75.000000 200.000000 4
100.000000 0.963164 9.627499e-05 0 0 75.000000 200.000000 5
100.000000 0.963230 9.628716e-05 0 1 75.000000 200.000000 5
100.000000 0.962900 9.622291e-05 1 0 75.000000 200.000000 5
100.000000 0.962966 9.623507e-05 1 1 75.000000 200.000000 5
5000.000000 0.973459 9.724571e-05 0 0 75.000000 200.000000 5
5000.000000 0.976821 9.787821e-05 0 1 75.000000 200.000000 5
5000.000000 0.960238 9.704470e-05 1 0 75.000000 200.000000 5
5000.000000 0.963516 9.765061e-05 1 1 75.000000 200.000000 5
10000.000000 0.983965 9.818417e-05 0 0 75.000000 200.000000 5
10000.000000 0.990913 9.953692e-05 0 1 75.000000 200.000000 5
10000.000000 0.957512 9.565006e-05 1 0 75.000000 200.000000 5
10000.000000 0.964118 9.690199e-05 1 1 75.000000 200.000000 5
100.000000 0.833311 8.326378e-05 0 0 75.000000 200.000000 6
100.000000 0.833363 8.327358e-05 0 1 75.000000 200.000000 6
100.000000 0.833102 8.318027e-05 1 0 75.000000 200.000000 6
100.000000 0.833154 8.319005e-05 1 1 75.000000 200.000000 6
5000.000000 0.841732 8.414541e-05 0 0 75.000000 200.000000 6
5000.000000 0.844385 8.465751e-05 0 1 75.000000 200.000000 6
5000.000000 0.831389 8.440365e-05 1 0 75.000000 200.000000 6
5000.000000 0.833979 8.490461e-05 1 1 75.000000 200.000000 6
10000.000000 0.850391 8.491232e-05 0 0 75.000000 200.000000 6
10000.000000 0.855870 8.598005e-05 0 1 75.000000 200.000000 6
10000.000000 0.829642 8.048539e-05 1 0 75.000000 200.000000 6
10000.000000 0.834869 8.144987e-05 1 1 75.000000 200.000000 6
100.000000 0.726533 7.260579e-05 0 0 75.000000 200.000000 7
100.000000 0.726574 7.261367e-05 0 1 75.000000 200.000000 7
100.000000 0.726354 7.261863e-05 1 0 75.000000 200.000000 7
100.000000 0.726396 7.262651e-05 1 1 75.000000 200.000000 7
5000.000000 0.734144 7.330501e-05 0 0 75.000000 200.000000 7
5000.000000 0.736255 7.371696e-05 0 1 75.000000 200.000000 7
5000.000000 0.725387 7.263759e-05 1 0 75.000000 200.000000 7
5000.000000 0.727449 7.303990e-05 1 1 75.000000 200.000000 7
10000.000000 0.741778 7.407667e-05 0 0 75.000000 200.000000 7
10000.000000 0.746141 7.496125e-05 0 1 75.000000 200.000000 7
10000.000000 0.724239 7.335613e-05 1 0 75.000000 200.000000 7
10000.000000 0.728404 7.418885e-05 1 1 75.000000 200.000000 7
100.000000 0.633134 6.326606e-05 0 0 75.000000 200.000000 8
100.000000 0.633167 6.327227e-05 0 1 75.000000 200.000000 8
100.000000 0.632975 6.330145e-05 1 0 75.000000 200.000000 8
100.000000 0.633008 6.330766e-05 1 1 75.000000 200.000000 8
5000.000000 0.640376 6.402517e-05 0 0 75.000000 200.000000 8
5000.000000 0.642051 6.435992e-05 0 1 75.000000 200.000000 8
5000.000000 0.632553 6.367467e-05 1 0 75.000000 200.000000 8
5000.000000 0.634189 6.399997e-05 1 1 75.000000 200.000000 8
10000.000000 0.647582 6.471297e-05 0 0 75.000000 200.000000 8
10000.000000 0.651050 6.540420e-05 0 1 75.000000 200.000000 8
10000.000000 0.631950 6.466058e-05 1 0 75.000000 200.000000 8
10000.000000 0.635255 6.532323e-05 1 1 75.000000 200.000000 8
100.000000 1.123558 1.119460e-04 0 0 75.000000 400.000000 4
100.000000 1.123743 1.119751e-04 0 1 75.000000 400.000000 4
100.000000 1.123212 1.124165e-04 1 0 75.000000 400.000000 4
100.000000 1.123396 1.124456e-04 1 1 75.000000 400.000000 4
5000.000000 1.129439 1.125557e-04 0 0 75.000000 400.000000 4
5000.000000 1.138848 1.141052e-04 0 1 75.000000 400.000000 4
5000.000000 1.112559 1.117632e-04 1 0 75.000000 400.000000 4
5000.000000 1.121729 1.132287e-04 1 1 75.000000 400.000000 4
10000.000000 1.135561 1.134067e-04 0 0 75.000000 400.000000 4
10000.000000 1.154997 1.169855e-04 0 1 75.000000 400.000000 4
10000.000000 1.102040 1.110963e-04 1 0 75.000000 400.000000 4
10000.000000 1.120510 1.143593e-04 1 1 75.000000 400.000000 4
100.000000 1.016586 1.014909e-04 0 0 75.000000 400.000000 5
100.000000 1.016745 1.015178e-04 0 1 75.000000 400.000000 5
100.000000 1.016331 1.019240e-04 1 0 75.000000 400.000000 5
100.000000 1.016490 1.019510e-04 1 1 75.000000 400.000000 5
5000.000000 1.020710 1.018085e-04 0 0 75.000000 400.000000 5
5000.000000 1.028794 1.031193e-04 0 1 75.000000 400.000000 5
5000.000000 1.008086 1.008904e-04 1 0 75.000000 400.000000 5
5000.000000 1.015995 1.021399e-04 1 1 75.000000 400.000000 5
10000.000000 1.024891 1.024879e-04 0 0 75.000000 400.000000 5
10000.000000 1.041564 1.057023e-04 0 1 75.000000 400.000000 5
10000.000000 0.999784 9.784312e-05 1 0 75.000000 400.000000 5
10000.000000 1.015743 1.007047e-04 1 1 75.000000 400.000000 5
100.000000 0.931967 9.300944e-05 0 0 75.000000 400.000000 6
100.000000 0.932106 9.303422e-05 0 1 75.000000 400.000000 6
100.000000 0.931764 9.323900e-05 1 0 75.000000 400.000000 6
100.000000 0.931902 9.326380e-05 1 1 75.000000 400.000000 6
5000.000000 0.935497 9.329982e-05 0 0 75.000000 400.000000 6
5000.000000 0.942562 9.442648e-05 0 1 75.000000 400.000000 6
5000.000000 0.925246 9.456002e-05 1 0 75.000000 400.000000 6
5000.000000 0.932171 9.565663e-05 1 1 75.000000 400.000000 6
10000.000000 0.938871 9.373608e-05 0 0 75.000000 400.000000 6
10000.000000 0.953432 9.670762e-05 0 1 75.000000 400.000000 6
10000.000000 0.918448 9.402706e-05 1 0 75.000000 400.000000 6
10000.000000 0.932438 9.677895e-05 1 1 75.000000 400.000000 6
100.000000 0.857452 8.556979e-05 0 0 75.000000 400.000000 7
100.000000 0.857573 8.559194e-05 0 1 75.000000 400.000000 7
100.000000 0.857272 8.543339e-05 1 0 75.000000 400.000000 7
100.000000 0.857394 8.545549e-05 1 1 75.000000 400.000000 7
5000.000000 0.861022 8.603761e-05 0 0 75.000000 400.000000 7
5000.000000 0.867220 8.712810e-05 0 1 75.000000 400.000000 7
5000.000000 0.852094 8.564289e-05 1 0 75.000000 400.000000 7
5000.000000 0.858174 8.671177e-05 1 1 75.000000 400.000000 7
10000.000000 0.864430 8.631714e-05 0 0 75.000000 400.000000 7
10000.000000 0.877212 8.899978e-05 0 1 75.000000 400.000000 7
10000.000000 0.846719 8.464118e-05 1 0 75.000000 400.000000 7
10000.000000 0.859019 8.711414e-05 1 1 75.000000 400.000000 7
100.000000 0.788315 7.873155e-05 0 0 75.000000 400.000000 8
100.000000 0.788422 7.875136e-05 0 1 75.000000 400.000000 8
100.000000 0.788149 7.876037e-05 1 0 75.000000 400.000000 8
100.000000 0.788255 7.878018e-05 1 1 75.000000 400.000000 8
5000.000000 0.792406 7.911097e-05 0 0 75.000000 400.000000 8
5000.000000 0.797831 8.014663e-05 0 1 75.000000 400.000000 8
5000.000000 0.784234 7.881299e-05 1 0 75.000000 400.000000 8
5000.000000 0.789553 7.983232e-05 1 1 75.000000 400.000000 8
10000.000000 0.796190 7.945079e-05 0 0 75.000000 400.000000 8
10000.000000 0.807393 8.168095e-05 0 1 75.000000 400.000000 8
10000.000000 0.779996 7.865147e-05 1 0 75.000000 400.000000 8
10000.000000 0.790774 8.076815e-05 1 1 75.000000 400.000000 8
100.000000 1.069184 1.063063e-04 0 0 75.000000 600.000000 4
100.000000 1.069454 1.063499e-04 0 1 75.000000 600.000000 4
100.000000 1.068880 1.066849e-04 1 0 75.000000 600.000000 4
100.000000 1.069150 1.067285e-04 1 1 75.000000 600.000000 4
5000.000000 1.068216 1.064327e-04 0 0 75.000000 600.000000 4
5000.000000 1.081931 1.088414e-04 0 1 75.000000 600.000000 4
5000.000000 1.053846 1.046307e-04 1 0 75.000000 600.000000 4
5000.000000 1.067258 1.068464e-04 1 1 75.000000 600.000000 4
10000.000000 1.067213 1.064286e-04 0 0 75.000000 600.000000 4
10000.000000 1.095441 1.103455e-04 0 1 75.000000 600.000000 4
10000.000000 1.038920 1.011387e-04 1 0 75.000000 600.000000 4
10000.000000 1.065922 1.044735e-04 1 1 75.000000 600.000000 4
100.000000 0.999967 9.968610e-05 0 0 75.000000 600.000000 5
100.000000 1.000211 9.972595e-05 0 1 75.000000 600.000000 5
100.000000 0.999739 9.989401e-05 1 0 75.000000 600.000000 5
100.000000 0.999984 9.993390e-05 1 1 75.000000 600.000000 5
5000.000000 0.997636 9.974405e-05 0 0 75.000000 600.000000 5
5000.000000 1.010054 1.016919e-04 0 1 75.000000 600.000000 5
5000.000000 0.986835 9.898413e-05 1 0 75.000000 600.000000 5
5000.000000 0.999022 1.008763e-04 1 1 75.000000 600.000000 5
10000.000000 0.995303 9.929841e-05 0 0 75.000000 600.000000 5
10000.000000 1.020807 1.028836e-04 0 1 75.000000 600.000000 5
10000.000000 0.973947 9.444684e-05 1 0 75.000000 600.000000 5
10000.000000 0.998515 9.756576e-05 1 1 75.000000 600.000000 5
100.000000 0.943830 9.424247e-05 0 0 75.000000 600.000000 6
100.000000 0.944054 9.428289e-05 0 1 75.000000 600.000000 6
100.000000 0.943650 9.418114e-05 1 0 75.000000 600.000000 6
100.000000 0.943875 9.422151e-05 1 1 75.000000 600.000000 6
5000.000000 0.941301 9.395888e-05 0 0 75.000000 600.000000 6
5000.000000 0.952679 9.569468e-05 0 1 75.000000 600.000000 6
5000.000000 0.932547 9.300913e-05 1 0 75.000000 600.000000 6
5000.000000 0.943737 9.470207e-05 1 1 75.000000 600.000000 6
10000.000000 0.938598 9.349637e-05 0 0 75.000000 600.000000 6
10000.000000 0.961950 9.713197e-05 0 1 75.000000 600.000000 6
10000.000000 0.921326 9.217662e-05 1 0 75.000000 600.000000 6
10000.000000 0.943919 9.537309e-05 1 1 75.000000 600.000000 6
100.000000 0.892867 8.923766e-05 0 0 75.000000 600.000000 7
100.000000 0.893073 8.927527e-05 0 1 75.000000 600.000000 7
100.000000 0.892710 8.885186e-05 1 0 75.000000 600.000000 7
100.000000 0.892916 8.888935e-05 1 1 75.000000 600.000000 7
5000.000000 0.890681 8.906268e-05 0 0 75.000000 600.000000 7
5000.000000 0.901132 9.062918e-05 0 1 75.000000 600.000000 7
5000.000000 0.883081 8.770588e-05 1 0 75.000000 600.000000 7
5000.000000 0.893370 8.924876e-05 1 1 75.000000 600.000000 7
10000.000000 0.888274 8.875133e-05 0 0 75.000000 600.000000 7
10000.000000 0.909727 9.223792e-05 0 1 75.000000 600.000000 7
10000.000000 0.873294 9.043845e-05 1 0 75.000000 600.000000 7
10000.000000 0.894092 9.369615e-05 1 1 75.000000 600.000000 7
100.000000 0.843736 8.422006e-05 0 0 75.000000 600.000000 8
100.000000 0.843925 8.425358e-05 0 1 75.000000 600.000000 8
100.000000 0.843589 8.423678e-05 1 0 75.000000 600.000000 8
100.000000 0.843778 8.427030e-05 1 1 75.000000 600.000000 8
5000.000000 0.842342 8.408497e-05 0 0 75.000000 600.000000 8
5000.000000 0.851919 8.564338e-05 0 1 75.000000 600.000000 8
5000.000000 0.835338 8.611575e-05 1 0 75.000000 600.000000 8
5000.000000 0.844769 8.769938e-05 1 1 75.000000 600.000000 8
10000.000000 0.840745 8.392013e-05 0 0 75.000000 600.000000 8
10000.000000 0.860436 8.739857e-05 0 1 75.000000 600.000000 8
10000.000000 0.826956 8.559252e-05 1 0 75.000000 600.000000 8
10000.000000 0.846053 8.885436e-05 1 1 75.000000 600.000000 8
100.000000 1.034003 1.031068e-04 0 0 75.000000 800.000000 4
100.000000 1.034351 1.031609e-04 0 1 75.000000 800.000000 4
100.000000 1.033744 1.032917e-04 1 0 75.000000 800.000000 4
100.000000 1.034091 1.033460e-04 1 1 75.000000 800.000000 4
5000.000000 1.027698 1.025349e-04 0 0 75.000000 800.000000 4
5000.000000 1.045345 1.049771e-04 0 1 75.000000 800.000000 4
5000.000000 1.015273 1.061740e-04 1 0 75.000000 800.000000 4
5000.000000 1.032573 1.085339e-04 1 1 75.000000 800.000000 4
10000.000000 1.020863 1.014751e-04 0 0 75.000000 800.000000 4
10000.000000 1.057081 1.075356e-04 0 1 75.000000 800.000000 4
10000.000000 0.996602 9.685606e-05 1 0 75.000000 800.000000 4
10000.000000 1.031424 1.022094e-04 1 1 75.000000 800.000000 4
100.000000 0.985078 9.850706e-05 0 0 75.000000 800.000000 5
100.000000 0.985402 9.855334e-05 0 1 75.000000 800.000000 5
100.000000 0.984884 9.856674e-05 1 0 75.000000 800.000000 5
100.000000 0.985209 9.861323e-05 1 1 75.000000 800.000000 5
5000.000000 0.977785 9.733115e-05 0 0 75.000000 800.000000 5
5000.000000 0.994214 9.936695e-05 0 1 75.000000 800.000000 5
5000.000000 0.968436 9.880379e-05 1 0 75.000000 800.000000 5
5000.000000 0.984598 1.008186e-04 1 1 75.000000 800.000000 5
10000.000000 0.969812 9.643692e-05 0 0 75.000000 800.000000 5
10000.000000 1.003450 1.015825e-04 0 1 75.000000 800.000000 5
10000.000000 0.951467 9.611714e-05 1 0 75.000000 800.000000 5
10000.000000 0.984024 1.009866e-04 1 1 75.000000 800.000000 5
100.000000 0.945613 9.420330e-05 0 0 75.000000 800.000000 6
100.000000 0.945918 9.425107e-05 0 1 75.000000 800.000000 6
100.000000 0.945460 9.409775e-05 1 0 75.000000 800.000000 6
100.000000 0.945766 9.414557e-05 1 1 75.000000 800.000000 6
5000.000000 0.937875 9.335622e-05 0 0 75.000000 800.000000 6
5000.000000 0.953315 9.549166e-05 0 1 75.000000 800.000000 6
5000.000000 0.930358 9.527581e-05 1 0 75.000000 800.000000 6
5000.000000 0.945580 9.742334e-05 1 1 75.000000 800.000000 6
10000.000000 0.929720 9.266727e-05 0 0 75.000000 800.000000 6
10000.000000 0.961313 9.781283e-05 0 1 75.000000 800.000000 6
10000.000000 0.914944 9.231688e-05 1 0 75.000000 800.000000 6
10000.000000 0.945651 9.710716e-05 1 1 75.000000 800.000000 6
100.000000 0.909080 9.068060e-05 0 0 75.000000 800.000000 7
100.000000 0.909367 9.072691e-05 0 1 75.000000 800.000000 7
100.000000 0.908944 9.025675e-05 1 0 75.000000 800.000000 7
100.000000 0.909232 9.030303e-05 1 1 75.000000 800.000000 7
5000.000000 0.901750 8.997181e-05 0 0 75.000000 800.000000 7
5000.000000 0.916295 9.212349e-05 0 1 75.000000 800.000000 7
5000.000000 0.895254 9.205477e-05 1 0 75.000000 800.000000 7
5000.000000 0.909609 9.429466e-05 1 1 75.000000 800.000000 7
10000.000000 0.893707 8.921840e-05 0 0 75.000000 800.000000 7
10000.000000 0.923456 9.412872e-05 0 1 75.000000 800.000000 7
10000.000000 0.880986 8.830600e-05 1 0 75.000000 800.000000 7
10000.000000 0.909968 9.280828e-05 1 1 75.000000 800.000000 7
100.000000 0.872672 8.719063e-05 0 0 75.000000 800.000000 8
100.000000 0.872942 8.723527e-05 0 1 75.000000 800.000000 8
100.000000 0.872547 8.712505e-05 1 0 75.000000 800.000000 8
100.000000 0.872817 8.716980e-05 1 1 75.000000 800.000000 8
5000.000000 0.866169 8.648521e-05 0 0 75.000000 800.000000 8
5000.000000 0.879836 8.893032e-05 0 1 75.000000 800.000000 8
5000.000000 0.860180 8.775836e-05 1 0 75.000000 800.000000 8
5000.000000 0.873672 9.019099e-05 1 1 75.000000 800.000000 8
10000.000000 0.859109 8.574984e-05 0 0 75.000000 800.000000 8
10000.000000 0.887091 9.025552e-05 0 1 75.000000 800.000000 8
10000.000000 0.847341 8.854354e-05 1 0 75.000000 800.000000 8
10000.000000 0.874616 9.285329e-05 1 1 75.000000 800.000000 8
100.000000 1.013842 1.013630e-04 0 0 75.000000 1000.000000 4
100.000000 1.014264 1.014278e-04 0 1 75.000000 1000.000000 4
100.000000 1.013614 1.015626e-04 1 0 75.000000 1000.000000 4
100.000000 1.014036 1.016279e-04 1 1 75.000000 1000.000000 4
5000.000000 1.002909 1.000847e-04 0 0 75.000000 1000.000000 4
5000.000000 1.024306 1.040504e-04 0 1 75.000000 1000.000000 4
5000.000000 0.991973 1.026974e-04 1 0 75.000000 1000.000000 4
5000.000000 1.012991 1.064501e-04 1 1 75.000000 1000.000000 4
10000.000000 0.990816 9.855662e-05 0 0 75.000000 1000.000000 4
10000.000000 1.034604 1.060988e-04 0 1 75.000000 1000.000000 4
10000.000000 0.969531 9.438572e-05 1 0 75.000000 1000.000000 4
10000.000000 1.011791 1.010372e-04 1 1 75.000000 1000.000000 4
100.000000 0.976701 9.764936e-05 0 0 75.000000 1000.000000 5
100.000000 0.977102 9.770162e-05 0 1 75.000000 1000.000000 5
100.000000 0.976534 9.790882e-05 1 0 75.000000 1000.000000 5
100.000000 0.976934 9.796154e-05 1 1 75.000000 1000.000000 5
5000.000000 0.964888 9.612461e-05 0 0 75.000000 1000.000000 5
5000.000000 0.985131 9.978512e-05 0 1 75.000000 1000.000000 5
5000.000000 0.956630 9.552337e-05 1 0 75.000000 1000.000000 5
5000.000000 0.976579 9.879877e-05 1 1 75.000000 1000.000000 5
10000.000000 0.952042 9.456678e-05 0 0 75.000000 1000.000000 5
10000.000000 0.993389 1.019876e-04 0 1 75.000000 1000.000000 5
10000.000000 0.935868 9.319156e-05 1 0 75.000000 1000.000000 5
10000.000000 0.976017 9.972416e-05 1 1 75.000000 1000.000000 5
100.000000 0.946968 9.467455e-05 0 0 75.000000 1000.000000 6
100.000000 0.947350 9.473092e-05 0 1 75.000000 1000.000000 6
100.000000 0.946833 9.500207e-05 1 0 75.000000 1000.000000 6
100.000000 0.947215 9.505888e-05 1 1 75.000000 1000.000000 6
5000.000000 0.934905 9.282635e-05 0 0 75.000000 1000.000000 6
5000.000000 0.954217 9.638414e-05 0 1 75.000000 1000.000000 6
5000.000000 0.928257 9.209529e-05 1 0 75.000000 1000.000000 6
5000.000000 0.947327 9.560746e-05 1 1 75.000000 1000.000000 6
10000.000000 0.921786 9.176159e-05 0 0 75.000000 1000.000000 6
10000.000000 0.961200 9.897172e-05 0 1 75.000000 1000.000000 6
10000.000000 0.908744 9.194005e-05 1 0 75.000000 1000.000000 6
10000.000000 0.947168 9.853684e-05 1 1 75.000000 1000.000000 6
100.000000 0.919281 9.139230e-05 0 0 75.000000 1000.000000 7
100.000000 0.919647 9.145481e-05 0 1 75.000000 1000.000000 7
100.000000 0.919158 9.110816e-05 1 0 75.000000 1000.000000 7
100.000000 0.919523 9.117103e-05 1 1 75.000000 1000.000000 7
5000.000000 0.907425 9.071514e-05 0 0 75.000000 1000.000000 7
5000.000000 0.925886 9.368188e-05 0 1 75.000000 1000.000000 7
5000.000000 0.901693 9.025763e-05 1 0 75.000000 1000.000000 7
5000.000000 0.919941 9.330128e-05 1 1 75.000000 1000.000000 7
10000.000000 0.894636 8.932437e-05 0 0 75.000000 1000.000000 7
10000.000000 0.932295 9.535645e-05 0 1 75.000000 1000.000000 7
10000.000000 0.883447 9.167284e-05 1 0 75.000000 1000.000000 7
10000.000000 0.920244 9.734184e-05 1 1 75.000000 1000.000000 7
100.000000 0.890864 8.899684e-05 0 0 75.000000 1000.000000 8
100.000000 0.891213 8.906013e-05 0 1 75.000000 1000.000000 8
100.000000 0.890750 8.889151e-05 1 0 75.000000 1000.000000 8
100.000000 0.891098 8.895478e-05 1 1 75.000000 1000.000000 8
5000.000000 0.879740 8.760485e-05 0 0 75.000000 1000.000000 8
5000.000000 0.897333 9.010703e-05 0 1 75.000000 1000.000000 8
5000.000000 0.874433 8.924421e-05 1 0 75.000000 1000.000000 8
5000.000000 0.891828 9.177501e-05 1 1 75.000000 1000.000000 8
10000.000000 0.867789 8.642841e-05 0 0 75.000000 1000.000000 8
10000.000000 0.903717 9.278778e-05 0 1 75.000000 1000.000000 8
10000.000000 0.857484 8.933838e-05 1 0 75.000000 1000.000000 8
10000.000000 0.892616 9.533793e-05 1 1 75.000000 1000.000000 8
100.000000 1.002004 9.968566e-05 0 0 75.000000 1200.000000 4
100.000000 1.002498 9.976148e-05 0 1 75.000000 1200.000000 4
100.000000 1.001800 9.963399e-05 1 0 75.000000 1200.000000 4
100.000000 1.002294 9.970965e-05 1 1 75.000000 1200.000000 4
5000.000000 0.986627 9.864245e-05 0 0 75.000000 1200.000000 4
5000.000000 1.011642 1.020422e-04 0 1 75.000000 1200.000000 4
5000.000000 0.976836 9.968824e-05 1 0 75.000000 1200.000000 4
5000.000000 1.001448 1.028565e-04 1 1 75.000000 1200.000000 4
10000.000000 0.969722 9.645564e-05 0 0 75.000000 1200.000000 4
10000.000000 1.020817 1.065130e-04 0 1 75.000000 1200.000000 4
10000.000000 0.950871 9.231566e-05 1 0 75.000000 1200.000000 4
10000.000000 1.000344 1.008585e-04 1 1 75.000000 1200.000000 4
100.000000 0.972227 9.714901e-05 0 0 75.000000 1200.000000 5
100.000000 0.972700 9.722963e-05 0 1 75.000000 1200.000000 5
100.000000 0.972078 9.720432e-05 1 0 75.000000 1200.000000 5
100.000000 0.972551 9.728527e-05 1 1 75.000000 1200.000000 5
5000.000000 0.956209 9.548607e-05 0 0 75.000000 1200.000000 5
5000.000000 0.980125 9.894854e-05 0 1 75.000000 1200.000000 5
5000.000000 0.948735 9.422164e-05 1 0 75.000000 1200.000000 5
5000.000000 0.972331 9.711140e-05 1 1 75.000000 1200.000000 5
10000.000000 0.938878 9.336599e-05 0 0 75.000000 1200.000000 5
10000.000000 0.987664 1.028693e-04 0 1 75.000000 1200.000000 5
10000.000000 0.924373 9.174540e-05 1 0 75.000000 1200.000000 5
10000.000000 0.971864 9.974455e-05 1 1 75.000000 1200.000000 5
100.000000 0.948570 9.473404e-05 0 0 75.000000 1200.000000 6
100.000000 0.949027 9.480737e-05 0 1 75.000000 1200.000000 6
100.000000 0.948449 9.488598e-05 1 0 75.000000 1200.000000 6
100.000000 0.948905 9.495972e-05 1 1 75.000000 1200.000000 6
5000.000000 0.932346 9.274896e-05 0 0 75.000000 1200.000000 6
5000.000000 0.955380 9.611183e-05 0 1 75.000000 1200.000000 6
5000.000000 0.926335 9.196286e-05 1 0 75.000000 1200.000000 6
5000.000000 0.949103 9.504472e-05 1 1 75.000000 1200.000000 6
10000.000000 0.914807 9.089807e-05 0 0 75.000000 1200.000000 6
10000.000000 0.961728 1.000394e-04 0 1 75.000000 1200.000000 6
10000.000000 0.903089 9.024463e-05 1 0 75.000000 1200.000000 6
10000.000000 0.948933 9.831341e-05 1 1 75.000000 1200.000000 6
100.000000 0.926452 9.219569e-05 0 0 75.000000 1200.000000 7
100.000000 0.926892 9.227411e-05 0 1 75.000000 1200.000000 7
100.000000 0.926341 9.187908e-05 1 0 75.000000 1200.000000 7
100.000000 0.926781 9.195727e-05 1 1 75.000000 1200.000000 7
5000.000000 0.910438 9.078729e-05 0 0 75.000000 1200.000000 7
5000.000000 0.932646 9.430642e-05 0 1 75.000000 1200.000000 7
5000.000000 0.905244 9.062633e-05 1 0 75.000000 1200.000000 7
5000.000000 0.927220 9.414891e-05 1 1 75.000000 1200.000000 7
10000.000000 0.893248 8.906817e-05 0 0 75.000000 1200.000000 7
10000.000000 0.938494 9.699570e-05 0 1 75.000000 1200.000000 7
10000.000000 0.883149 9.306543e-05 1 0 75.000000 1200.000000 7
10000.000000 0.927448 1.007627e-04 1 1 75.000000 1200.000000 7
100.000000 0.903300 9.027471e-05 0 0 75.000000 1200.000000 8
100.000000 0.903723 9.035426e-05 0 1 75.000000 1200.000000 8
100.000000 0.903198 9.025421e-05 1 0 75.000000 1200.000000 8
100.000000 0.903622 9.033369e-05 1 1 75.000000 1200.000000 8
5000.000000 0.887932 8.857829e-05 0 0 75.000000 1200.000000 8
5000.000000 0.909297 9.143588e-05 0 1 75.000000 1200.000000 8
5000.000000 0.883117 9.030724e-05 1 0 75.000000 1200.000000 8
5000.000000 0.904264 9.323024e-05 1 1 75.000000 1200.000000 8
10000.000000 0.871657 8.680964e-05 0 0 75.000000 1200.000000 8
10000.000000 0.915223 9.481879e-05 0 1 75.000000 1200.000000 8
10000.000000 0.862358 9.107010e-05 1 0 75.000000 1200.000000 8
10000.000000 0.905044 9.858083e-05 1 1 75.000000 1200.000000 8
100.000000 1.214445 1.214298e-04 0 0 100.000000 200.000000 4
100.000000 1.214542 1.214480e-04 0 1 100.000000 200.000000 4
100.000000 1.214021 1.214313e-04 1 0 100.000000 200.000000 4
100.000000 1.214118 1.214494e-04 1 1 100.000000 200.000000 4
5000.000000 1.230368 1.229306e-04 0 0 100.000000 200.000000 4
5000.000000 1.235348 1.239022e-04 0 1 100.000000 200.000000 4
5000.000000 1.209143 1.193710e-04 1 0 100.000000 200.000000 4
5000.000000 1.213970 1.202675e-04 1 1 100.000000 200.000000 4
10000.000000 1.246513 1.244587e-04 0 0 100.000000 200.000000 4
10000.000000 1.256845 1.264464e-04 0 1 100.000000 200.000000 4
10000.000000 1.204056 1.194164e-04 1 0 100.000000 200.000000 4
10000.000000 1.213763 1.212128e-04 1 1 100.000000 200.000000 4
100.000000 1.008989 1.007835e-04 0 0 100.000000 200.000000 5
100.000000 1.009062 1.007967e-04 0 1 100.000000 200.000000 5
100.000000 1.008696 1.006973e-04 1 0 100.000000 200.000000 5
100.000000 1.008768 1.007105e-04 1 1 100.000000 200.000000 5
5000.000000 1.020466 1.019327e-04 0 0 100.000000 200.000000 5
5000.000000 1.024161 1.026571e-04 0 1 100.000000 200.000000 5
5000.000000 1.005720 9.899269e-05 1 0 100.000000 200.000000 5
5000.000000 1.009315 9.967066e-05 1 1 100.000000 200.000000 5
10000.000000 1.032218 1.031084e-04 0 0 100.000000 200.000000 5
10000.000000 1.039866 1.045654e-04 0 1 100.000000 200.000000 5
10000.000000 1.002726 1.000778e-04 1 0 100.000000 200.000000 5
10000.000000 1.009971 1.014296e-04 1 1 100.000000 200.000000 5
100.000000 0.864594 8.644568e-05 0 0 100.000000 200.000000 6
100.000000 0.864650 8.645625e-05 0 1 100.000000 200.000000 6
100.000000 0.864367 8.641300e-05 1 0 100.000000 200.000000 6
100.000000 0.864423 8.642354e-05 1 1 100.000000 200.000000 6
5000.000000 0.873856 8.722780e-05 0 0 100.000000 200.000000 6
5000.000000 0.876718 8.777698e-05 0 1 100.000000 200.000000 6
5000.000000 0.862529 8.729679e-05 1 0 100.000000 200.000000 6
5000.000000 0.865321 8.783120e-05 1 1 100.000000 200.000000 6
10000.000000 0.883425 8.823379e-05 0 0 100.000000 200.000000 6
10000.000000 0.889348 8.931705e-05 0 1 100.000000 200.000000 6
10000.000000 0.860682 8.428840e-05 1 0 100.000000 200.000000 6
10000.000000 0.866315 8.526583e-05 1 1 100.000000 200.000000 6
100.000000 0.749143 7.486045e-05 0 0 100.000000 200.000000 7
100.000000 0.749187 7.486892e-05 0 1 100.000000 200.000000 7
100.000000 0.748953 7.483929e-05 1 0 100.000000 200.000000 7
100.000000 0.748997 7.484776e-05 1 1 100.000000 200.000000 7
5000.000000 0.757352 7.564363e-05 0 0 100.000000 200.000000 7
5000.000000 0.759603 7.607508e-05 0 1 100.000000 200.000000 7
5000.000000 0.747888 7.538434e-05 1 0 100.000000 200.000000 7
5000.000000 0.750084 7.580730e-05 1 1 100.000000 200.000000 7
10000.000000 0.765639 7.653719e-05 0 0 100.000000 200.000000 7
10000.000000 0.770298 7.748114e-05 0 1 100.000000 200.000000 7
10000.000000 0.746716 7.616825e-05 1 0 100.000000 200.000000 7
10000.000000 0.751152 7.705154e-05 1 1 100.000000 200.000000 7
100.000000 0.650025 6.493784e-05 0 0 100.000000 200.000000 8
100.000000 0.650059 6.494445e-05 0 1 100.000000 200.000000 8
100.000000 0.649855 6.493769e-05 1 0 100.000000 200.000000 8
100.000000 0.649890 6.494429e-05 1 1 100.000000 200.000000 8
5000.000000 0.657747 6.572110e-05 0 0 100.000000 200.000000 8
5000.000000 0.659518 6.607375e-05 0 1 100.000000 200.000000 8
5000.000000 0.649392 6.542199e-05 1 0 100.000000 200.000000 8
5000.000000 0.651119 6.576448e-05 1 1 100.000000 200.000000 8
10000.000000 0.665485 6.650046e-05 0 0 100.000000 200.000000 8
10000.000000 0.669155 6.723977e-05 0 1 100.000000 200.000000 8
10000.000000 0.648796 6.585768e-05 1 0 100.000000 200.000000 8
10000.000000 0.652286 6.655995e-05 1 1 100.000000 200.000000 8
100.000000 1.184048 1.180026e-04 0 0 100.000000 400.000000 4
100.000000 1.184251 1.180340e-04 0 1 100.000000 400.000000 4
100.000000 1.183650 1.181959e-04 1 0 100.000000 400.000000 4
100.000000 1.183853 1.182274e-04 1 1 100.000000 400.000000 4
5000.000000 1.191297 1.189839e-04 0 0 100.000000 400.000000 4
5000.000000 1.201663 1.207356e-04 0 1 100.000000 400.000000 4
5000.000000 1.171749 1.187210e-04 1 0 100.000000 400.000000 4
5000.000000 1.181827 1.203649e-04 1 1 100.000000 400.000000 4
10000.000000 1.199001 1.196144e-04 0 0 100.000000 400.000000 4
10000.000000 1.220460 1.235691e-04 0 1 100.000000 400.000000 4
10000.000000 1.160226 1.195695e-04 1 0 100.000000 400.000000 4
10000.000000 1.180512 1.232916e-04 1 1 100.000000 400.000000 4
100.000000 1.059280 1.058927e-04 0 0 100.000000 400.000000 5
100.000000 1.059452 1.059207e-04 0 1 100.000000 400.000000 5
100.000000 1.058991 1.063581e-04 1 0 100.000000 400.000000 5
100.000000 1.059163 1.063861e-04 1 1 100.000000 400.000000 5
5000.000000 1.064230 1.061915e-04 0 0 100.000000 400.000000 5
5000.000000 1.072974 1.076569e-04 0 1 100.000000 400.000000 5
5000.000000 1.049907 1.044255e-04 1 0 100.000000 400.000000 5
5000.000000 1.058443 1.057868e-04 1 1 100.000000 400.000000 5
10000.000000 1.069366 1.068714e-04 0 0 100.000000 400.000000 5
10000.000000 1.087424 1.103301e-04 0 1 100.000000 400.000000 5
10000.000000 1.040927 1.025227e-04 1 0 100.000000 400.000000 5
10000.000000 1.058141 1.056136e-04 1 1 100.000000 400.000000 5
100.000000 0.963972 9.608885e-05 0 0 100.000000 400.000000 6
100.000000 0.964120 9.611509e-05 0 1 100.000000 400.000000 6
100.000000 0.963745 9.624080e-05 1 0 100.000000 400.000000 6
100.000000 0.963893 9.626704e-05 1 1 100.000000 400.000000 6
5000.000000 0.968025 9.676172e-05 0 0 100.000000 400.000000 6
5000.000000 0.975568 9.800182e-05 0 1 100.000000 400.000000 6
5000.000000 0.956640 9.643595e-05 1 0 100.000000 400.000000 6
5000.000000 0.964022 9.760395e-05 1 1 100.000000 400.000000 6
10000.000000 0.972153 9.710597e-05 0 0 100.000000 400.000000 6
10000.000000 0.987722 1.001826e-04 0 1 100.000000 400.000000 6
10000.000000 0.949470 9.613825e-05 1 0 100.000000 400.000000 6
10000.000000 0.964380 9.891384e-05 1 1 100.000000 400.000000 6
100.000000 0.882337 8.814215e-05 0 0 100.000000 400.000000 7
100.000000 0.882466 8.816579e-05 0 1 100.000000 400.000000 7
100.000000 0.882142 8.794106e-05 1 0 100.000000 400.000000 7
100.000000 0.882270 8.796459e-05 1 1 100.000000 400.000000 7
5000.000000 0.886396 8.856044e-05 0 0 100.000000 400.000000 7
5000.000000 0.892953 8.972123e-05 0 1 100.000000 400.000000 7
5000.000000 0.876651 8.745465e-05 1 0 100.000000 400.000000 7
5000.000000 0.883075 8.857351e-05 1 1 100.000000 400.000000 7
10000.000000 0.890284 8.892873e-05 0 0 100.000000 400.000000 7
10000.000000 0.903820 9.171573e-05 0 1 100.000000 400.000000 7
10000.000000 0.870905 8.749888e-05 1 0 100.000000 400.000000 7
10000.000000 0.883895 9.014919e-05 1 1 100.000000 400.000000 7
100.000000 0.808218 8.078459e-05 0 0 100.000000 400.000000 8
100.000000 0.808329 8.080526e-05 0 1 100.000000 400.000000 8
100.000000 0.808039 8.084254e-05 1 0 100.000000 400.000000 8
100.000000 0.808151 8.086320e-05 1 1 100.000000 400.000000 8
5000.000000 0.812596 8.124520e-05 0 0 100.000000 400.000000 8
5000.000000 0.818295 8.235165e-05 0 1 100.000000 400.000000 8
5000.000000 0.803799 8.038863e-05 1 0 100.000000 400.000000 8
5000.000000 0.809382 8.145514e-05 1 1 100.000000 400.000000 8
10000.000000 0.816764 8.152287e-05 0 0 100.000000 400.000000 8
10000.000000 0.828543 8.389837e-05 0 1 100.000000 400.000000 8
10000.000000 0.799316 8.128251e-05 1 0 100.000000 400.000000 8
10000.000000 0.810623 8.354222e-05 1 1 100.000000 400.000000 8
100.000000 1.116589 1.111928e-04 0 0 100.000000 600.000000 4
100.000000 1.116880 1.112400e-04 0 1 100.000000 600.000000 4
100.000000 1.116237 1.113324e-04 1 0 100.000000 600.000000 4
100.000000 1.116528 1.113798e-04 1 1 100.000000 600.000000 4
5000.000000 1.116818 1.116703e-04 0 0 100.000000 600.000000 4
5000.000000 1.131650 1.140286e-04 0 1 100.000000 600.000000 4
5000.000000 1.099913 1.086927e-04 1 0 100.000000 600.000000 4
5000.000000 1.114376 1.107613e-04 1 1 100.000000 600.000000 4
10000.000000 1.116870 1.113265e-04 0 0 100.000000 600.000000 4
10000.000000 1.147449 1.158586e-04 0 1 100.000000 600.000000 4
10000.000000 1.083596 1.065869e-04 1 0 100.000000 600.000000 4
10000.000000 1.112682 1.106118e-04 1 1 100.000000 600.000000 4
100.000000 1.034786 1.034392e-04 0 0 100.000000 600.000000 5
100.000000 1.035046 1.034786e-04 0 1 100.000000 600.000000 5
100.000000 1.034527 1.034505e-04 1 0 100.000000 600.000000 5
100.000000 1.034787 1.034899e-04 1 1 100.000000 600.000000 5
5000.000000 1.033222 1.029470e-04 0 0 100.000000 600.000000 5
5000.000000 1.046457 1.049691e-04 0 1 100.000000 600.000000 5
5000.000000 1.020794 1.011048e-04 1 0 100.000000 600.000000 5
5000.000000 1.033755 1.029985e-04 1 1 100.000000 600.000000 5
10000.000000 1.031434 1.028031e-04 0 0 100.000000 600.000000 5
10000.000000 1.058648 1.071921e-04 0 1 100.000000 600.000000 5
10000.000000 1.006868 9.869060e-05 1 0 100.000000 600.000000 5
10000.000000 1.032972 1.025141e-04 1 1 100.000000 600.000000 5
100.000000 0.971117 9.684127e-05 0 0 100.000000 600.000000 6
100.000000 0.971354 9.688270e-05 0 1 100.000000 600.000000 6
100.000000 0.970921 9.645842e-05 1 0 100.000000 600.000000 6
100.000000 0.971157 9.649962e-05 1 1 100.000000 600.000000 6
5000.000000 0.968920 9.662212e-05 0 0 100.000000 600.000000 6
5000.000000 0.980927 9.854142e-05 0 1 100.000000 600.000000 6
5000.000000 0.959053 9.462788e-05 1 0 100.000000 600.000000 6
5000.000000 0.970842 9.647810e-05 1 1 100.000000 600.000000 6
10000.000000 0.966607 9.637193e-05 0 0 100.000000 600.000000 6
10000.000000 0.991277 1.000797e-04 0 1 100.000000 600.000000 6
10000.000000 0.947162 9.563789e-05 1 0 100.000000 600.000000 6
10000.000000 0.970952 9.893885e-05 1 1 100.000000 600.000000 6
100.000000 0.915052 9.133334e-05 0 0 100.000000 600.000000 7
100.000000 0.915267 9.137192e-05 0 1 100.000000 600.000000 7
100.000000 0.914881 9.103884e-05 1 0 100.000000 600.000000 7
100.000000 0.915097 9.107727e-05 1 1 100.000000 600.000000 7
5000.000000 0.913060 9.109572e-05 0 0 100.000000 600.000000 7
5000.000000 0.924011 9.266720e-05 0 1 100.000000 600.000000 7
5000.000000 0.904685 9.083259e-05 1 0 100.000000 600.000000 7
5000.000000 0.915453 9.240180e-05 1 1 100.000000 600.000000 7
10000.000000 0.910871 9.076690e-05 0 0 100.000000 600.000000 7
10000.000000 0.933377 9.450092e-05 0 1 100.000000 600.000000 7
10000.000000 0.894354 9.190907e-05 1 0 100.000000 600.000000 7
10000.000000 0.916118 9.532182e-05 1 1 100.000000 600.000000 7
100.000000 0.862199 8.598861e-05 0 0 100.000000 600.000000 8
100.000000 0.862396 8.602313e-05 0 1 100.000000 600.000000 8
100.000000 0.862042 8.610784e-05 1 0 100.000000 600.000000 8
100.000000 0.862238 8.614240e-05 1 1 100.000000 600.000000 8
5000.000000 0.860917 8.599409e-05 0 0 100.000000 600.000000 8
5000.000000 0.870902 8.757849e-05 0 1 100.000000 600.000000 8
5000.000000 0.853352 8.808096e-05 1 0 100.000000 600.000000 8
5000.000000 0.863174 8.970894e-05 1 1 100.000000 600.000000 8
10000.000000 0.859449 8.591483e-05 0 0 100.000000 600.000000 8
10000.000000 0.879991 8.956066e-05 0 1 100.000000 600.000000 8
10000.000000 0.844509 8.748671e-05 1 0 100.000000 600.000000 8
10000.000000 0.864389 9.091276e-05 1 1 100.000000 600.000000 8
100.000000 1.072539 1.071292e-04 0 0 100.000000 800.000000 4
100.000000 1.072910 1.071842e-04 0 1 100.000000 800.000000 4
100.000000 1.072232 1.072846e-04 1 0 100.000000 800.000000 4
100.000000 1.072603 1.073397e-04 1 1 100.000000 800.000000 4
5000.000000 1.067302 1.062262e-04 0 0 100.000000 800.000000 4
5000.000000 1.086154 1.089512e-04 0 1 100.000000 800.000000 4
5000.000000 1.052502 1.059275e-04 1 0 100.000000 800.000000 4
5000.000000 1.070929 1.083293e-04 1 1 100.000000 800.000000 4
10000.000000 1.061086 1.057538e-04 0 0 100.000000 800.000000 4
10000.000000 1.099827 1.116207e-04 0 1 100.000000 800.000000 4
10000.000000 1.032204 1.021385e-04 1 0 100.000000 800.000000 4
10000.000000 1.069237 1.070148e-04 1 1 100.000000 800.000000 4
100.000000 1.014200 1.011899e-04 0 0 100.000000 800.000000 5
100.000000 1.014541 1.012342e-04 0 1 100.000000 800.000000 5
100.000000 1.013973 1.008694e-04 1 0 100.000000 800.000000 5
100.000000 1.014315 1.009141e-04 1 1 100.000000 800.000000 5
5000.000000 1.007378 1.005724e-04 0 0 100.000000 800.000000 5
5000.000000 1.024716 1.026089e-04 0 1 100.000000 800.000000 5
5000.000000 0.996493 1.003918e-04 1 0 100.000000 800.000000 5
5000.000000 1.013512 1.022502e-04 1 1 100.000000 800.000000 5
10000.000000 0.999974 9.994683e-05 0 0 100.000000 800.000000 5
10000.000000 1.035532 1.057625e-04 0 1 100.000000 800.000000 5
10000.000000 0.978559 9.642547e-05 1 0 100.000000 800.000000 5
10000.000000 1.012823 1.013202e-04 1 1 100.000000 800.000000 5
100.000000 0.969014 9.663493e-05 0 0 100.000000 800.000000 6
100.000000 0.969334 9.667717e-05 0 1 100.000000 800.000000 6
100.000000 0.968844 9.627071e-05 1 0 100.000000 800.000000 6
100.000000 0.969163 9.631280e-05 1 1 100.000000 800.000000 6
5000.000000 0.961679 9.614618e-05 0 0 100.000000 800.000000 6
5000.000000 0.977850 9.862203e-05 0 1 100.000000 800.000000 6
5000.000000 0.953106 9.524700e-05 1 0 100.000000 800.000000 6
5000.000000 0.969022 9.761824e-05 1 1 100.000000 800.000000 6
10000.000000 0.953677 9.491185e-05 0 0 100.000000 800.000000 6
10000.000000 0.986799 1.001468e-04 0 1 100.000000 800.000000 6
10000.000000 0.936814 9.476336e-05 1 0 100.000000 800.000000 6
10000.000000 0.968900 9.969995e-05 1 1 100.000000 800.000000 6
100.000000 0.928753 9.272445e-05 0 0 100.000000 800.000000 7
100.000000 0.929052 9.276681e-05 0 1 100.000000 800.000000 7
100.000000 0.928605 9.246716e-05 1 0 100.000000 800.000000 7
100.000000 0.928904 9.250959e-05 1 1 100.000000 800.000000 7
5000.000000 0.921557 9.193400e-05 0 0 100.000000 800.000000 7
5000.000000 0.936708 9.411235e-05 0 1 100.000000 800.000000 7
5000.000000 0.914344 9.198387e-05 1 0 100.000000 800.000000 7
5000.000000 0.929279 9.412055e-05 1 1 100.000000 800.000000 7
10000.000000 0.913698 9.106712e-05 0 0 100.000000 800.000000 7
10000.000000 0.944717 9.618525e-05 0 1 100.000000 800.000000 7
10000.000000 0.899537 9.251662e-05 1 0 100.000000 800.000000 7
10000.000000 0.929679 9.741068e-05 1 1 100.000000 800.000000 7
100.000000 0.889671 8.874605e-05 0 0 100.000000 800.000000 8
100.000000 0.889951 8.878914e-05 0 1 100.000000 800.000000 8
100.000000 0.889536 8.869858e-05 1 0 100.000000 800.000000 8
100.000000 0.889816 8.874170e-05 1 1 100.000000 800.000000 8
5000.000000 0.883141 8.787449e-05 0 0 100.000000 800.000000 8
5000.000000 0.897323 9.038557e-05 0 1 100.000000 800.000000 8
5000.000000 0.876633 8.937815e-05 1 0 100.000000 800.000000 8
5000.000000 0.890621 9.179069e-05 1 1 100.000000 800.000000 8
10000.000000 0.875975 8.752568e-05 0 0 100.000000 800.000000 8
10000.000000 0.905018 9.216846e-05 0 1 100.000000 800.000000 8
10000.000000 0.863204 8.897884e-05 1 0 100.000000 800.000000 8
10000.000000 0.891460 9.350289e-05 1 1 100.000000 800.000000 8
100.000000 1.046870 1.046146e-04 0 0 100.000000 1000.000000 4
100.000000 1.047317 1.046781e-04 0 1 100.000000 1000.000000 4
100.000000 1.046597 1.044859e-04 1 0 100.000000 1000.000000 4
100.000000 1.047043 1.045496e-04 1 1 100.000000 1000.000000 4
5000.000000 1.036463 1.034433e-04 0 0 100.000000 1000.000000 4
5000.000000 1.059121 1.078844e-04 0 1 100.000000 1000.000000 4
5000.000000 1.023315 1.056968e-04 1 0 100.000000 1000.000000 4
5000.000000 1.045507 1.097350e-04 1 1 100.000000 1000.000000 4
10000.000000 1.025219 1.022618e-04 0 0 100.000000 1000.000000 4
10000.000000 1.071706 1.095914e-04 0 1 100.000000 1000.000000 4
10000.000000 0.999713 9.681589e-05 1 0 100.000000 1000.000000 4
10000.000000 1.044327 1.026423e-04 1 1 100.000000 1000.000000 4
100.000000 1.002070 9.973710e-05 0 0 100.000000 1000.000000 5
100.000000 1.002489 9.979299e-05 0 1 100.000000 1000.000000 5
100.000000 1.001874 9.964710e-05 1 0 100.000000 1000.000000 5
100.000000 1.002293 9.970394e-05 1 1 100.000000 1000.000000 5
5000.000000 0.990670 9.883470e-05 0 0 100.000000 1000.000000 5
5000.000000 1.011903 1.022324e-04 0 1 100.000000 1000.000000 5
5000.000000 0.980929 9.843884e-05 1 0 100.000000 1000.000000 5
5000.000000 1.001807 1.013596e-04 1 1 100.000000 1000.000000 5
10000.000000 0.978214 9.781182e-05 0 0 100.000000 1000.000000 5
10000.000000 1.021649 1.048997e-04 0 1 100.000000 1000.000000 5
10000.000000 0.959221 9.296781e-05 1 0 100.000000 1000.000000 5
10000.000000 1.001220 9.870169e-05 1 1 100.000000 1000.000000 5
100.000000 0.967870 9.667730e-05 0 0 100.000000 1000.000000 6
100.000000 0.968268 9.673241e-05 0 1 100.000000 1000.000000 6
100.000000 0.967717 9.654201e-05 1 0 100.000000 1000.000000 6
100.000000 0.968115 9.659768e-05 1 1 100.000000 1000.000000 6
5000.000000 0.956031 9.525427e-05 0 0 100.000000 1000.000000 6
5000.000000 0.976161 9.867799e-05 0 1 100.000000 1000.000000 6
5000.000000 0.948378 9.515697e-05 1 0 100.000000 1000.000000 6
5000.000000 0.968222 9.832189e-05 1 1 100.000000 1000.000000 6
10000.000000 0.943097 9.378560e-05 0 0 100.000000 1000.000000 6
10000.000000 0.984227 1.013308e-04 0 1 100.000000 1000.000000 6
10000.000000 0.928148 9.015238e-05 1 0 100.000000 1000.000000 6
10000.000000 0.968117 9.663861e-05 1 1 100.000000 1000.000000 6
100.000000 0.937331 9.343999e-05 0 0 100.000000 1000.000000 7
100.000000 0.937710 9.348939e-05 0 1 100.000000 1000.000000 7
100.000000 0.937197 9.295812e-05 1 0 100.000000 1000.000000 7
100.000000 0.937575 9.300775e-05 1 1 100.000000 1000.000000 7
5000.000000 0.925520 9.253862e-05 0 0 100.000000 1000.000000 7
5000.000000 0.944672 9.575548e-05 0 1 100.000000 1000.000000 7
5000.000000 0.919145 9.338511e-05 1 0 100.000000 1000.000000 7
5000.000000 0.938056 9.663220e-05 1 1 100.000000 1000.000000 7
10000.000000 0.912691 9.099167e-05 0 0 100.000000 1000.000000 7
10000.000000 0.951806 9.773630e-05 0 1 100.000000 1000.000000 7
10000.000000 0.900192 9.345435e-05 1 0 100.000000 1000.000000 7
10000.000000 0.938321 9.969533e-05 1 1 100.000000 1000.000000 7
100.000000 0.906877 9.031302e-05 0 0 100.000000 1000.000000 8
100.000000 0.907237 9.037023e-05 0 1 100.000000 1000.000000 8
100.000000 0.906759 9.030045e-05 1 0 100.000000 1000.000000 8
100.000000 0.907119 9.035755e-05 1 1 100.000000 1000.000000 8
5000.000000 0.895691 8.944733e-05 0 0 100.000000 1000.000000 8
5000.000000 0.913896 9.257853e-05 0 1 100.000000 1000.000000 8
5000.000000 0.889925 9.106234e-05 1 0 100.000000 1000.000000 8
5000.000000 0.907910 9.426356e-05 1 1 100.000000 1000.000000 8
10000.000000 0.883635 8.796931e-05 0 0 100.000000 1000.000000 8
10000.000000 0.920824 9.397067e-05 0 1 100.000000 1000.000000 8
10000.000000 0.872427 9.174568e-05 1 0 100.000000 1000.000000 8
10000.000000 0.908728 9.746530e-05 1 1 100.000000 1000.000000 8
100.000000 1.031227 1.030863e-04 0 0 100.000000 1200.000000 4
100.000000 1.031747 1.031585e-04 0 1 100.000000 1200.000000 4
100.000000 1.030985 1.028018e-04 1 0 100.000000 1200.000000 4
100.000000 1.031505 1.028743e-04 1 1 100.000000 1200.000000 4
5000.000000 1.016505 1.013779e-04 0 0 100.000000 1200.000000 4
5000.000000 1.042860 1.051573e-04 0 1 100.000000 1200.000000 4
5000.000000 1.004670 1.015528e-04 1 0 100.000000 1200.000000 4
5000.000000 1.030527 1.050192e-04 1 1 100.000000 1200.000000 4
10000.000000 1.000088 9.954033e-05 0 0 100.000000 1200.000000 4
10000.000000 1.054041 1.093039e-04 0 1 100.000000 1200.000000 4
10000.000000 0.977427 9.525213e-05 1 0 100.000000 1200.000000 4
10000.000000 1.029390 1.025750e-04 1 1 100.000000 1200.000000 4
100.000000 0.995233 9.866549e-05 0 0 100.000000 1200.000000 5
100.000000 0.995727 9.873148e-05 0 1 100.000000 1200.000000 5
100.000000 0.995058 9.845255e-05 1 0 100.000000 1200.000000 5
100.000000 0.995551 9.851958e-05 1 1 100.000000 1200.000000 5
5000.000000 0.979476 9.786125e-05 0 0 100.000000 1200.000000 5
5000.000000 1.004454 1.015944e-04 0 1 100.000000 1200.000000 5
5000.000000 0.970628 9.739707e-05 1 0 100.000000 1200.000000 5
5000.000000 0.995221 1.004802e-04 1 1 100.000000 1200.000000 5
10000.000000 0.962430 9.572645e-05 0 0 100.000000 1200.000000 5
10000.000000 1.013499 1.030364e-04 0 1 100.000000 1200.000000 5
10000.000000 0.945310 9.042565e-05 1 0 100.000000 1200.000000 5
10000.000000 0.994823 9.591709e-05 1 1 100.000000 1200.000000 5
100.000000 0.967950 9.660025e-05 0 0 100.000000 1200.000000 6
100.000000 0.968424 9.666624e-05 0 1 100.000000 1200.000000 6
100.000000 0.967812 9.665424e-05 1 0 100.000000 1200.000000 6
100.000000 0.968285 9.672111e-05 1 1 100.000000 1200.000000 6
5000.000000 0.951808 9.490909e-05 0 0 100.000000 1200.000000 6
5000.000000 0.975734 9.855529e-05 0 1 100.000000 1200.000000 6
5000.000000 0.944855 9.577161e-05 1 0 100.000000 1200.000000 6
5000.000000 0.968469 9.910294e-05 1 1 100.000000 1200.000000 6
10000.000000 0.934332 9.296963e-05 0 0 100.000000 1200.000000 6
10000.000000 0.983184 1.007983e-04 0 1 100.000000 1200.000000 6
10000.000000 0.920846 8.887092e-05 1 0 100.000000 1200.000000 6
10000.000000 0.968433 9.464508e-05 1 1 100.000000 1200.000000 6
100.000000 0.943499 9.411807e-05 0 0 100.000000 1200.000000 7
100.000000 0.943955 9.419254e-05 0 1 100.000000 1200.000000 7
100.000000 0.943378 9.380727e-05 1 0 100.000000 1200.000000 7
100.000000 0.943833 9.388198e-05 1 1 100.000000 1200.000000 7
5000.000000 0.927407 9.248857e-05 0 0 100.000000 1200.000000 7
5000.000000 0.950402 9.615745e-05 0 1 100.000000 1200.000000 7
5000.000000 0.921584 9.300739e-05 1 0 100.000000 1200.000000 7
5000.000000 0.944312 9.647391e-05 1 1 100.000000 1200.000000 7
10000.000000 0.910163 9.068238e-05 0 0 100.000000 1200.000000 7
10000.000000 0.957079 9.728095e-05 0 1 100.000000 1200.000000 7
10000.000000 0.898843 9.217353e-05 1 0 100.000000 1200.000000 7
10000.000000 0.944673 9.769738e-05 1 1 100.000000 1200.000000 7
100.000000 0.918788 9.182539e-05 0 0 100.000000 1200.000000 8
100.000000 0.919225 9.189935e-05 0 1 100.000000 1200.000000 8
100.000000 0.918680 9.179840e-05 1 0 100.000000 1200.000000 8
100.000000 0.919117 9.187219e-05 1 1 100.000000 1200.000000 8
5000.000000 0.903178 9.014211e-05 0 0 100.000000 1200.000000 8
5000.000000 0.925247 9.398751e-05 0 1 100.000000 1200.000000 8
5000.000000 0.897941 9.327816e-05 1 0 100.000000 1200.000000 8
5000.000000 0.919767 9.737573e-05 1 1 100.000000 1200.000000 8
10000.000000 0.886697 8.845821e-05 0 0 100.000000 1200.000000 8
10000.000000 0.931707 9.633895e-05 0 1 100.000000 1200.000000 8
10000.000000 0.876544 9.393552e-05 1 0 100.000000 1200.000000 8
10000.000000 0.920570 1.011608e-04 1 1 100.000000 1200.000000 8
